0.00 0.00
1.00 0.00
2.00 0.00
3.00 0.00
4.00 0.00
0.00 0.20
1.00 0.20
2.00 0.20
3.00 0.20
4.00 0.20
0.00 0.40
1.00 0.40
2.00 0.40
3.00 0.40
4.00 0.40
0.00 0.60
1.00 0.60
2.00 0.60
3.00 0.60
4.00 0.60
0.00 0.80
1.00 0.80
2.00 0.80
3.00 0.80
4.00 0.80
0.00 1.00
1.00 1.00
2.00 1.00
3.00 1.00
4.00 1.00
0.50 0.10
1.50 0.10
2.50 0.10
3.50 0.10
0.50 0.30
1.50 0.30
2.50 0.30
3.50 0.30
0.50 0.50
1.50 0.50
2.50 0.50
3.50 0.50
0.50 0.70
1.50 0.70
2.50 0.70
3.50 0.70
0.50 0.90
1.50 0.90
2.50 0.90
3.50 0.90
0.50 0.00
1.50 0.00
2.50 0.00
3.50 0.00
0.50 1.00
1.50 1.00
2.50 1.00
3.50 1.00
